1.880000000000000000e+02
-4.450000000000000000e+02
-9.050000000000000000e+02
-1.392000000000000000e+03
9.270000000000000000e+02
7.140000000000000000e+02
-3.210000000000000000e+02
1.901000000000000000e+03
-5.900000000000000000e+02
9.480000000000000000e+02
-1.290000000000000000e+03
-6.100000000000000000e+01
1.810000000000000000e+03
-7.880000000000000000e+02
-8.960000000000000000e+02
-1.072000000000000000e+03
4.730000000000000000e+02
-9.270000000000000000e+02
-5.250000000000000000e+02
-4.770000000000000000e+02
1.627000000000000000e+03
5.590000000000000000e+02
-2.510000000000000000e+02
-1.187000000000000000e+03
1.301000000000000000e+03
-7.400000000000000000e+02
-1.079000000000000000e+03
1.647000000000000000e+03
1.939000000000000000e+03
-1.444000000000000000e+03
1.820000000000000000e+03
8.000000000000000000e+01
-7.350000000000000000e+02
9.190000000000000000e+02
-6.490000000000000000e+02
3.070000000000000000e+02
-5.360000000000000000e+02
-7.330000000000000000e+02
7.100000000000000000e+02
-1.877000000000000000e+03
9.910000000000000000e+02
-7.810000000000000000e+02
-3.070000000000000000e+02
4.390000000000000000e+02
-1.810000000000000000e+03
1.817000000000000000e+03
-5.680000000000000000e+02
-5.620000000000000000e+02
-8.690000000000000000e+02
1.306000000000000000e+03
6.940000000000000000e+02
1.837000000000000000e+03
-4.010000000000000000e+02
1.533000000000000000e+03
1.851000000000000000e+03
-1.031000000000000000e+03
-1.503000000000000000e+03
1.391000000000000000e+03
-1.156000000000000000e+03
4.800000000000000000e+02
-7.120000000000000000e+02
1.830000000000000000e+02
9.900000000000000000e+02
-1.212000000000000000e+03
-8.370000000000000000e+02
1.879000000000000000e+03
1.200000000000000000e+03
-1.406000000000000000e+03
1.112000000000000000e+03
3.790000000000000000e+02
-4.330000000000000000e+02
-1.906000000000000000e+03
3.170000000000000000e+02
6.740000000000000000e+02
6.600000000000000000e+01
1.430000000000000000e+02
-1.423000000000000000e+03
2.230000000000000000e+02
1.794000000000000000e+03
-2.430000000000000000e+02
4.530000000000000000e+02
8.240000000000000000e+02
-1.877000000000000000e+03
-1.426000000000000000e+03
9.560000000000000000e+02
-9.660000000000000000e+02
6.740000000000000000e+02
-1.591000000000000000e+03
-1.905000000000000000e+03
-4.320000000000000000e+02
-5.970000000000000000e+02
4.340000000000000000e+02
1.643000000000000000e+03
-1.244000000000000000e+03
1.220000000000000000e+02
1.800000000000000000e+01
-6.840000000000000000e+02
-1.095000000000000000e+03
-9.600000000000000000e+02
1.851000000000000000e+03
1.897000000000000000e+03
1.225000000000000000e+03
-1.515000000000000000e+03
1.712000000000000000e+03
-9.540000000000000000e+02
9.750000000000000000e+02
1.391000000000000000e+03
-3.790000000000000000e+02
1.330000000000000000e+03
-1.540000000000000000e+02
1.188000000000000000e+03
-1.261000000000000000e+03
-1.300000000000000000e+03
2.760000000000000000e+02
-5.690000000000000000e+02
1.062000000000000000e+03
1.222000000000000000e+03
9.680000000000000000e+02
7.930000000000000000e+02
-1.336000000000000000e+03
-4.900000000000000000e+02
-1.144000000000000000e+03
7.930000000000000000e+02
1.497000000000000000e+03
1.805000000000000000e+03
1.295000000000000000e+03
1.141000000000000000e+03
6.720000000000000000e+02
-2.630000000000000000e+02
-1.230000000000000000e+03
-7.730000000000000000e+02
1.065000000000000000e+03
-7.510000000000000000e+02
-2.730000000000000000e+02
-1.674000000000000000e+03
-4.450000000000000000e+02
-1.484000000000000000e+03
3.750000000000000000e+02
-1.620000000000000000e+02
-7.030000000000000000e+02
9.240000000000000000e+02
-1.594000000000000000e+03
1.498000000000000000e+03
-1.160000000000000000e+02
-9.760000000000000000e+02
-1.981000000000000000e+03
1.363000000000000000e+03
3.120000000000000000e+02
1.270000000000000000e+03
7.230000000000000000e+02
1.546000000000000000e+03
1.280000000000000000e+03
-1.392000000000000000e+03
-1.888000000000000000e+03
-2.770000000000000000e+02
5.030000000000000000e+02
1.733000000000000000e+03
-1.264000000000000000e+03
1.205000000000000000e+03
-1.667000000000000000e+03
6.430000000000000000e+02
1.820000000000000000e+02
-8.000000000000000000e+00
2.300000000000000000e+01
-2.960000000000000000e+02
1.881000000000000000e+03
1.017000000000000000e+03
8.550000000000000000e+02
1.474000000000000000e+03
1.429000000000000000e+03
1.300000000000000000e+03
1.698000000000000000e+03
-1.845000000000000000e+03
9.690000000000000000e+02
1.581000000000000000e+03
1.214000000000000000e+03
1.256000000000000000e+03
1.049000000000000000e+03
-1.779000000000000000e+03
-6.430000000000000000e+02
-5.910000000000000000e+02
1.850000000000000000e+02
1.052000000000000000e+03
-1.197000000000000000e+03
-8.440000000000000000e+02
9.340000000000000000e+02
-9.260000000000000000e+02
4.910000000000000000e+02
1.013000000000000000e+03
1.576000000000000000e+03
6.050000000000000000e+02
-1.563000000000000000e+03
-1.598000000000000000e+03
-1.717000000000000000e+03
-1.808000000000000000e+03
1.556000000000000000e+03
6.900000000000000000e+01
9.960000000000000000e+02
-1.594000000000000000e+03
-2.900000000000000000e+02
1.807000000000000000e+03
1.121000000000000000e+03
1.087000000000000000e+03
1.601000000000000000e+03
5.330000000000000000e+02
-1.066000000000000000e+03
-1.921000000000000000e+03
-1.092000000000000000e+03
1.962000000000000000e+03
6.000000000000000000e+02
-1.897000000000000000e+03
-1.248000000000000000e+03
1.296000000000000000e+03
-1.046000000000000000e+03
-8.400000000000000000e+02
-1.528000000000000000e+03
-4.970000000000000000e+02
1.294000000000000000e+03
-3.130000000000000000e+02
-6.450000000000000000e+02
1.539000000000000000e+03
5.400000000000000000e+02
-3.710000000000000000e+02
-1.654000000000000000e+03
5.650000000000000000e+02
8.530000000000000000e+02
9.860000000000000000e+02
1.512000000000000000e+03
1.472000000000000000e+03
8.080000000000000000e+02
1.938000000000000000e+03
8.490000000000000000e+02
-6.360000000000000000e+02
1.858000000000000000e+03
5.600000000000000000e+01
3.100000000000000000e+02
-1.127000000000000000e+03
-3.480000000000000000e+02
2.890000000000000000e+02
7.510000000000000000e+02
-1.711000000000000000e+03
-1.278000000000000000e+03
1.752000000000000000e+03
1.310000000000000000e+03
-6.900000000000000000e+01
9.920000000000000000e+02
-7.950000000000000000e+02
3.740000000000000000e+02
-1.650000000000000000e+03
-7.290000000000000000e+02
-9.520000000000000000e+02
1.030000000000000000e+03
-9.210000000000000000e+02
4.900000000000000000e+02
-2.530000000000000000e+02
1.929000000000000000e+03
1.026000000000000000e+03
1.671000000000000000e+03
-1.213000000000000000e+03
-1.649000000000000000e+03
-5.200000000000000000e+01
9.390000000000000000e+02
3.770000000000000000e+02
1.473000000000000000e+03
1.568000000000000000e+03
-3.000000000000000000e+01
-1.850000000000000000e+02
-1.489000000000000000e+03
1.318000000000000000e+03
-1.467000000000000000e+03
1.333000000000000000e+03
-6.090000000000000000e+02
9.340000000000000000e+02
-1.211000000000000000e+03
1.301000000000000000e+03
-1.369000000000000000e+03
1.900000000000000000e+03
3.710000000000000000e+02
-1.697000000000000000e+03
6.680000000000000000e+02
1.919000000000000000e+03
-1.500000000000000000e+01
1.495000000000000000e+03
3.100000000000000000e+02
-1.489000000000000000e+03
1.535000000000000000e+03
1.585000000000000000e+03
1.699000000000000000e+03
1.303000000000000000e+03
9.990000000000000000e+02
1.079000000000000000e+03
1.540000000000000000e+03
-1.471000000000000000e+03
8.000000000000000000e+01
2.860000000000000000e+02
1.410000000000000000e+02
-1.083000000000000000e+03
-7.380000000000000000e+02
1.620000000000000000e+02
1.200000000000000000e+01
-1.011000000000000000e+03
7.150000000000000000e+02
-9.120000000000000000e+02
-9.670000000000000000e+02
1.030000000000000000e+03
-9.170000000000000000e+02
-1.305000000000000000e+03
-1.869000000000000000e+03
-1.564000000000000000e+03
-1.032000000000000000e+03
-1.127000000000000000e+03
-6.400000000000000000e+02
1.688000000000000000e+03
-1.463000000000000000e+03
-1.420000000000000000e+02
6.830000000000000000e+02
-1.497000000000000000e+03
1.404000000000000000e+03
2.190000000000000000e+02
9.330000000000000000e+02
-1.578000000000000000e+03
-3.830000000000000000e+02
-1.349000000000000000e+03
1.149000000000000000e+03
1.338000000000000000e+03
-1.529000000000000000e+03
-9.810000000000000000e+02
5.480000000000000000e+02
-1.794000000000000000e+03
1.808000000000000000e+03
-1.265000000000000000e+03
2.940000000000000000e+02
1.694000000000000000e+03
-1.841000000000000000e+03
-1.555000000000000000e+03
1.339000000000000000e+03
-1.010000000000000000e+03
4.730000000000000000e+02
1.800000000000000000e+03
-1.518000000000000000e+03
-1.090000000000000000e+03
-1.068000000000000000e+03
-1.403000000000000000e+03
9.650000000000000000e+02
-9.880000000000000000e+02
-1.957000000000000000e+03
1.000000000000000000e+02
-1.483000000000000000e+03
1.847000000000000000e+03
1.410000000000000000e+02
-1.922000000000000000e+03
-1.008000000000000000e+03
1.390000000000000000e+02
-1.417000000000000000e+03
1.578000000000000000e+03
-5.180000000000000000e+02
1.508000000000000000e+03
3.330000000000000000e+02
-8.100000000000000000e+02
1.022000000000000000e+03
-6.300000000000000000e+02
1.923000000000000000e+03
-1.454000000000000000e+03
-1.774000000000000000e+03
2.690000000000000000e+02
1.116000000000000000e+03
-8.750000000000000000e+02
-1.258000000000000000e+03
-1.207000000000000000e+03
1.198000000000000000e+03
1.183000000000000000e+03
-2.570000000000000000e+02
1.655000000000000000e+03
-1.799000000000000000e+03
-1.562000000000000000e+03
1.965000000000000000e+03
1.172000000000000000e+03
1.044000000000000000e+03
2.590000000000000000e+02
3.890000000000000000e+02
4.340000000000000000e+02
-1.175000000000000000e+03
1.840000000000000000e+02
-1.317000000000000000e+03
-1.214000000000000000e+03
1.908000000000000000e+03
-1.940000000000000000e+03
-1.700000000000000000e+03
-5.450000000000000000e+02
2.890000000000000000e+02
1.214000000000000000e+03
-1.000000000000000000e+03
1.175000000000000000e+03
-4.570000000000000000e+02
2.670000000000000000e+02
1.800000000000000000e+02
9.300000000000000000e+01
1.982000000000000000e+03
1.702000000000000000e+03
1.222000000000000000e+03
-8.380000000000000000e+02
8.290000000000000000e+02
1.332000000000000000e+03
8.090000000000000000e+02
-3.690000000000000000e+02
1.984000000000000000e+03
1.543000000000000000e+03
1.532000000000000000e+03
-1.510000000000000000e+02
9.000000000000000000e+02
2.960000000000000000e+02
1.464000000000000000e+03
-1.683000000000000000e+03
-1.970000000000000000e+02
-6.560000000000000000e+02
-1.314000000000000000e+03
-9.130000000000000000e+02
-9.770000000000000000e+02
1.322000000000000000e+03
-1.250000000000000000e+02
-7.350000000000000000e+02
4.470000000000000000e+02
-1.091000000000000000e+03
-1.088000000000000000e+03
-6.940000000000000000e+02
1.029000000000000000e+03
-1.159000000000000000e+03
-1.448000000000000000e+03
-6.350000000000000000e+02
-1.840000000000000000e+03
1.208000000000000000e+03
1.464000000000000000e+03
1.750000000000000000e+03
5.730000000000000000e+02
1.912000000000000000e+03
-1.083000000000000000e+03
1.800000000000000000e+03
-7.300000000000000000e+02
-3.480000000000000000e+02
1.899000000000000000e+03
1.845000000000000000e+03
1.850000000000000000e+03
-1.348000000000000000e+03
3.900000000000000000e+02
3.000000000000000000e+01
1.158000000000000000e+03
-8.190000000000000000e+02
1.492000000000000000e+03
-1.237000000000000000e+03
-5.390000000000000000e+02
-1.916000000000000000e+03
1.833000000000000000e+03
1.448000000000000000e+03
1.587000000000000000e+03
-1.427000000000000000e+03
-1.570000000000000000e+03
8.050000000000000000e+02
5.370000000000000000e+02
3.010000000000000000e+02
-1.269000000000000000e+03
-7.160000000000000000e+02
1.930000000000000000e+02
1.754000000000000000e+03
-1.276000000000000000e+03
-5.840000000000000000e+02
-1.130000000000000000e+02
-1.409000000000000000e+03
-2.790000000000000000e+02
1.950000000000000000e+03
-1.308000000000000000e+03
-9.450000000000000000e+02
1.770000000000000000e+02
-7.580000000000000000e+02
1.493000000000000000e+03
7.500000000000000000e+02
1.900000000000000000e+03
1.326000000000000000e+03
7.860000000000000000e+02
-5.380000000000000000e+02
1.134000000000000000e+03
-5.270000000000000000e+02
1.096000000000000000e+03
-1.074000000000000000e+03
1.012000000000000000e+03
-3.000000000000000000e+02
8.610000000000000000e+02
1.113000000000000000e+03
1.093000000000000000e+03
-8.300000000000000000e+01
2.800000000000000000e+02
-6.440000000000000000e+02
-1.307000000000000000e+03
3.730000000000000000e+02
3.240000000000000000e+02
-1.230000000000000000e+02
9.250000000000000000e+02
1.768000000000000000e+03
1.836000000000000000e+03
1.487000000000000000e+03
1.402000000000000000e+03
9.600000000000000000e+02
5.350000000000000000e+02
-1.457000000000000000e+03
1.767000000000000000e+03
7.230000000000000000e+02
-1.071000000000000000e+03
1.382000000000000000e+03
-1.550000000000000000e+02
1.375000000000000000e+03
1.409000000000000000e+03
-9.640000000000000000e+02
-1.587000000000000000e+03
-3.280000000000000000e+02
-8.250000000000000000e+02
1.182000000000000000e+03
1.503000000000000000e+03
-3.390000000000000000e+02
1.130000000000000000e+03
1.886000000000000000e+03
-1.646000000000000000e+03
-2.230000000000000000e+02
-1.439000000000000000e+03
1.693000000000000000e+03
-6.840000000000000000e+02
3.870000000000000000e+02
1.080000000000000000e+02
-2.120000000000000000e+02
-1.221000000000000000e+03
-1.090000000000000000e+03
-1.705000000000000000e+03
8.940000000000000000e+02
5.050000000000000000e+02
-1.471000000000000000e+03
6.600000000000000000e+01
8.300000000000000000e+02
-1.217000000000000000e+03
1.580000000000000000e+03
1.099000000000000000e+03
-4.470000000000000000e+02
-1.418000000000000000e+03
7.990000000000000000e+02
2.590000000000000000e+02
5.110000000000000000e+02
1.046000000000000000e+03
-1.340000000000000000e+03
-1.256000000000000000e+03
-1.770000000000000000e+03
1.652000000000000000e+03
4.230000000000000000e+02
-7.560000000000000000e+02
-1.470000000000000000e+03
6.270000000000000000e+02
6.450000000000000000e+02
-6.710000000000000000e+02
-1.352000000000000000e+03
9.810000000000000000e+02
-1.270000000000000000e+02
7.090000000000000000e+02
-7.090000000000000000e+02
-1.100000000000000000e+01
2.540000000000000000e+02
-5.820000000000000000e+02
1.463000000000000000e+03
-1.497000000000000000e+03
6.990000000000000000e+02
1.225000000000000000e+03
1.919000000000000000e+03
-6.240000000000000000e+02
-1.630000000000000000e+02
6.800000000000000000e+01
-6.940000000000000000e+02
2.990000000000000000e+02
-7.590000000000000000e+02
-1.100000000000000000e+01
1.291000000000000000e+03
-8.650000000000000000e+02
1.956000000000000000e+03
-1.054000000000000000e+03
-1.760000000000000000e+03
1.858000000000000000e+03
9.730000000000000000e+02
1.632000000000000000e+03
-1.369000000000000000e+03
-3.730000000000000000e+02
-9.400000000000000000e+02
9.130000000000000000e+02
1.444000000000000000e+03
-5.990000000000000000e+02
-1.539000000000000000e+03
-1.920000000000000000e+02
-2.800000000000000000e+02
1.740000000000000000e+03
3.690000000000000000e+02
-1.719000000000000000e+03
-2.920000000000000000e+02
-6.370000000000000000e+02
-1.780000000000000000e+02
1.702000000000000000e+03
-1.739000000000000000e+03
-1.540000000000000000e+03
5.500000000000000000e+02
1.517000000000000000e+03
5.280000000000000000e+02
1.765000000000000000e+03
-1.775000000000000000e+03
6.930000000000000000e+02
-5.650000000000000000e+02
5.440000000000000000e+02
1.762000000000000000e+03
-3.160000000000000000e+02
-9.180000000000000000e+02
-1.357000000000000000e+03
1.141000000000000000e+03
-9.530000000000000000e+02
1.767000000000000000e+03
4.080000000000000000e+02
-3.330000000000000000e+02
-1.170000000000000000e+02
1.377000000000000000e+03
1.020000000000000000e+02
9.800000000000000000e+02
-3.570000000000000000e+02
1.556000000000000000e+03
4.770000000000000000e+02
-1.930000000000000000e+03
1.890000000000000000e+03
-1.027000000000000000e+03
2.170000000000000000e+02
9.680000000000000000e+02
4.530000000000000000e+02
3.540000000000000000e+02
-1.156000000000000000e+03
-1.600000000000000000e+02
-3.620000000000000000e+02
-1.710000000000000000e+02
2.340000000000000000e+02
-1.069000000000000000e+03
-1.806000000000000000e+03
-8.170000000000000000e+02
-1.956000000000000000e+03
5.990000000000000000e+02
1.353000000000000000e+03
-1.246000000000000000e+03
1.877000000000000000e+03
-1.903000000000000000e+03
6.860000000000000000e+02
-9.200000000000000000e+01
-9.610000000000000000e+02
8.100000000000000000e+01
-3.030000000000000000e+02
-2.110000000000000000e+02
-1.384000000000000000e+03
-1.320000000000000000e+02
6.550000000000000000e+02
2.220000000000000000e+02
4.020000000000000000e+02
-2.940000000000000000e+02
-7.080000000000000000e+02
2.970000000000000000e+02
5.560000000000000000e+02
1.680000000000000000e+02
-1.378000000000000000e+03
-1.571000000000000000e+03
4.430000000000000000e+02
7.460000000000000000e+02
7.780000000000000000e+02
1.643000000000000000e+03
5.340000000000000000e+02
-9.810000000000000000e+02
3.400000000000000000e+01
7.830000000000000000e+02
-6.680000000000000000e+02
-1.309000000000000000e+03
1.748000000000000000e+03
1.399000000000000000e+03
1.936000000000000000e+03
-1.847000000000000000e+03
6.060000000000000000e+02
1.980000000000000000e+02
1.120000000000000000e+03
1.010000000000000000e+02
3.480000000000000000e+02
1.941000000000000000e+03
2.900000000000000000e+02
-1.163000000000000000e+03
-1.730000000000000000e+02
-1.425000000000000000e+03
6.450000000000000000e+02
-9.550000000000000000e+02
-1.244000000000000000e+03
1.941000000000000000e+03
-4.540000000000000000e+02
1.348000000000000000e+03
-9.210000000000000000e+02
-3.840000000000000000e+02
-1.397000000000000000e+03
1.595000000000000000e+03
-1.418000000000000000e+03
-7.810000000000000000e+02
-1.330000000000000000e+03
4.060000000000000000e+02
-1.763000000000000000e+03
-1.065000000000000000e+03
1.626000000000000000e+03
-1.080000000000000000e+03
1.099000000000000000e+03
8.510000000000000000e+02
1.042000000000000000e+03
4.000000000000000000e+00
-9.680000000000000000e+02
1.405000000000000000e+03
-8.700000000000000000e+01
-9.530000000000000000e+02
-1.736000000000000000e+03
2.600000000000000000e+02
-4.900000000000000000e+02
-3.080000000000000000e+02
-1.645000000000000000e+03
-1.427000000000000000e+03
1.940000000000000000e+03
1.569000000000000000e+03
1.570000000000000000e+03
1.829000000000000000e+03
-4.560000000000000000e+02
1.621000000000000000e+03
-2.100000000000000000e+01
9.200000000000000000e+01
1.140000000000000000e+03
2.290000000000000000e+02
1.288000000000000000e+03
1.335000000000000000e+03
4.360000000000000000e+02
-1.125000000000000000e+03
2.350000000000000000e+02
1.356000000000000000e+03
4.700000000000000000e+01
-9.070000000000000000e+02
-3.300000000000000000e+02
-9.370000000000000000e+02
-1.644000000000000000e+03
1.996000000000000000e+03
1.964000000000000000e+03
-5.900000000000000000e+01
-2.890000000000000000e+02
-1.040000000000000000e+02
-1.055000000000000000e+03
-1.979000000000000000e+03
4.300000000000000000e+02
4.320000000000000000e+02
-1.749000000000000000e+03
1.345000000000000000e+03
-3.450000000000000000e+02
1.495000000000000000e+03
-8.440000000000000000e+02
-7.630000000000000000e+02
1.645000000000000000e+03
1.821000000000000000e+03
-2.700000000000000000e+01
-6.110000000000000000e+02
2.600000000000000000e+02
1.785000000000000000e+03
-1.996000000000000000e+03
-9.310000000000000000e+02
7.960000000000000000e+02
-9.070000000000000000e+02
1.083000000000000000e+03
1.983000000000000000e+03
1.778000000000000000e+03
2.960000000000000000e+02
-1.698000000000000000e+03
9.940000000000000000e+02
9.660000000000000000e+02
1.404000000000000000e+03
6.980000000000000000e+02
-9.440000000000000000e+02
1.748000000000000000e+03
3.840000000000000000e+02
1.696000000000000000e+03
-5.580000000000000000e+02
1.980000000000000000e+03
5.030000000000000000e+02
-7.140000000000000000e+02
1.607000000000000000e+03
8.170000000000000000e+02
1.042000000000000000e+03
1.190000000000000000e+02
-3.870000000000000000e+02
-4.730000000000000000e+02
-1.457000000000000000e+03
-4.490000000000000000e+02
-9.320000000000000000e+02
-1.796000000000000000e+03
-9.270000000000000000e+02
1.546000000000000000e+03
1.110000000000000000e+03
-1.651000000000000000e+03
-2.560000000000000000e+02
-5.050000000000000000e+02
-5.460000000000000000e+02
-6.800000000000000000e+01
-5.900000000000000000e+01
-1.743000000000000000e+03
1.008000000000000000e+03
-9.120000000000000000e+02
1.221000000000000000e+03
-1.320000000000000000e+03
1.464000000000000000e+03
-1.470000000000000000e+02
1.389000000000000000e+03
-1.126000000000000000e+03
3.250000000000000000e+02
-5.580000000000000000e+02
8.680000000000000000e+02
1.097000000000000000e+03
3.100000000000000000e+02
8.240000000000000000e+02
1.128000000000000000e+03
6.680000000000000000e+02
-3.010000000000000000e+02
1.061000000000000000e+03
-1.342000000000000000e+03
7.160000000000000000e+02
-1.206000000000000000e+03
6.970000000000000000e+02
4.290000000000000000e+02
1.184000000000000000e+03
-8.600000000000000000e+02
-1.210000000000000000e+02
1.793000000000000000e+03
-1.855000000000000000e+03
1.563000000000000000e+03
4.870000000000000000e+02
-1.148000000000000000e+03
6.400000000000000000e+02
3.890000000000000000e+02
8.920000000000000000e+02
-5.210000000000000000e+02
-7.860000000000000000e+02
-1.441000000000000000e+03
1.073000000000000000e+03
-6.700000000000000000e+02
5.680000000000000000e+02
3.360000000000000000e+02
-1.575000000000000000e+03
-1.386000000000000000e+03
1.499000000000000000e+03
-1.761000000000000000e+03
-1.470000000000000000e+02
1.558000000000000000e+03
1.197000000000000000e+03
1.958000000000000000e+03
-9.320000000000000000e+02
-1.027000000000000000e+03
5.850000000000000000e+02
-7.760000000000000000e+02
7.120000000000000000e+02
1.623000000000000000e+03
1.858000000000000000e+03
-2.260000000000000000e+02
1.787000000000000000e+03
-9.600000000000000000e+02
-1.817000000000000000e+03
1.170000000000000000e+02
-1.805000000000000000e+03
-1.909000000000000000e+03
-3.520000000000000000e+02
1.492000000000000000e+03
4.720000000000000000e+02
-1.380000000000000000e+02
4.600000000000000000e+01
5.790000000000000000e+02
-1.417000000000000000e+03
1.054000000000000000e+03
-1.641000000000000000e+03
-1.524000000000000000e+03
1.620000000000000000e+02
2.750000000000000000e+02
1.745000000000000000e+03
-1.099000000000000000e+03
-1.664000000000000000e+03
-1.584000000000000000e+03
-1.073000000000000000e+03
2.230000000000000000e+02
1.524000000000000000e+03
-3.620000000000000000e+02
1.090000000000000000e+02
6.040000000000000000e+02
-1.376000000000000000e+03
-3.290000000000000000e+02
6.490000000000000000e+02
-1.031000000000000000e+03
1.322000000000000000e+03
-1.220000000000000000e+03
-1.679000000000000000e+03
1.569000000000000000e+03
-7.730000000000000000e+02
-5.390000000000000000e+02
-1.493000000000000000e+03
-1.863000000000000000e+03
1.221000000000000000e+03
6.470000000000000000e+02
8.510000000000000000e+02
-2.270000000000000000e+02
-1.760000000000000000e+03
-1.160000000000000000e+03
5.340000000000000000e+02
-1.190000000000000000e+03
-2.310000000000000000e+02
-1.632000000000000000e+03
-8.970000000000000000e+02
1.257000000000000000e+03
-1.393000000000000000e+03
1.541000000000000000e+03
1.909000000000000000e+03
3.610000000000000000e+02
-2.560000000000000000e+02
1.204000000000000000e+03
-5.570000000000000000e+02
9.580000000000000000e+02
3.840000000000000000e+02
1.280000000000000000e+03
-1.236000000000000000e+03
-1.822000000000000000e+03
-1.810000000000000000e+03
4.830000000000000000e+02
-4.990000000000000000e+02
-4.070000000000000000e+02
1.459000000000000000e+03
1.062000000000000000e+03
1.369000000000000000e+03
2.270000000000000000e+02
1.393000000000000000e+03
-1.570000000000000000e+03
-9.630000000000000000e+02
1.875000000000000000e+03
-1.100000000000000000e+02
-1.752000000000000000e+03
4.100000000000000000e+02
-1.450000000000000000e+03
1.307000000000000000e+03
-1.427000000000000000e+03
6.670000000000000000e+02
-1.029000000000000000e+03
-1.975000000000000000e+03
4.900000000000000000e+01
-8.820000000000000000e+02
-5.260000000000000000e+02
-1.802000000000000000e+03
-1.842000000000000000e+03
-3.120000000000000000e+02
-1.859000000000000000e+03
-1.121000000000000000e+03
-1.085000000000000000e+03
7.200000000000000000e+02
7.650000000000000000e+02
-1.076000000000000000e+03
1.298000000000000000e+03
-3.130000000000000000e+02
1.436000000000000000e+03
4.800000000000000000e+02
6.410000000000000000e+02
-1.479000000000000000e+03
1.214000000000000000e+03
1.211000000000000000e+03
1.950000000000000000e+03
5.190000000000000000e+02
1.028000000000000000e+03
-1.160000000000000000e+03
-3.700000000000000000e+01
1.216000000000000000e+03
1.263000000000000000e+03
7.910000000000000000e+02
-1.963000000000000000e+03
5.900000000000000000e+02
-1.284000000000000000e+03
-1.124000000000000000e+03
-3.910000000000000000e+02
6.710000000000000000e+02
1.453000000000000000e+03
-1.386000000000000000e+03
-1.437000000000000000e+03
-1.792000000000000000e+03
-1.663000000000000000e+03
4.160000000000000000e+02
1.356000000000000000e+03
5.260000000000000000e+02
1.117000000000000000e+03
-1.396000000000000000e+03
-8.210000000000000000e+02
5.060000000000000000e+02
1.359000000000000000e+03
-3.930000000000000000e+02
3.000000000000000000e+00
-3.670000000000000000e+02
1.293000000000000000e+03
6.300000000000000000e+01
1.360000000000000000e+03
-4.410000000000000000e+02
8.100000000000000000e+01
8.500000000000000000e+02
